17718978952
13027420750
13634674178
13507362248
18692700458
13902965778
18901886928
13818364235
18100364095
13908477698
13661915712
17074649279
13902454366
18473869839
18538114997
15814455064
18310363282
13144469994
17317608817
13213496065
18395739266
19836141497
13033623709
13806688181
15975449990
15825890774
18098497238
18946122652
19313661932
13681731694
18918396062
13146647332
13598466732
13807331178
13712723157
17787775236
17732371317
19970776225
13063267981
13728831730
19059095221
13683642200
13522253788
13069856702
15856859538
18964792062
15021011673
19100788287
19974217400
19978647044
13533667997
17173177849
18663683750
13585941450
19907411582
17263127302
19123842037
13164596254
17703378383
13661539768
15609679930
13221608895
13206660279
18535369901
15846064392
17645664392
13762469210
15024497191
18122126195
17192701389
13170179791
13683603253
15901575766
12345
13421997862
18901866964
13661108396
13672000818
15623080391
13658695387
14784505113
13043721394
15900788252
13719525826
15277010361
13718600996
17657334616
19202553273
13482281884
18313906146
18658839870
18356659729
18201924701
15900999954
17371498029
17067681762
13135925006
13474698624
13991620402
18661600755
13051946155
13822954268
18215306638
18283901594
17787037815
15021587082
13787819672
18226005717
18773281464
13501949436
13795355861
18682635735
13798490766
13670632086
13501688729
13187593474
18931481151
15873678294
18674799936
13261179564
18515647713
19124848243
13371901130
15351630220
15866854768
13121242527
13973731581
18100135925
13161445910
15119059023
18589929092
17377988297
18724922350
13316933093
15673365923
18161648685
18727938750
15972763156
17676723278
13143082037
13974922288
13461918860
17725977223
13711819785
15600324267
19817551957
15605211513
19124823549
15845895252
13837880196
13672901658
13738722343
13488016216
15918044150
13975210740
15898495024
15211656398
15145893204
19994178466
13001242793
15501281479
13240749522
13814252704
17372518002
18237759683
15600162549
15611544953
15061339719
13608206564
15344809585
13907533100
13338686071
13862360622
15378729408
13384981544
13717704447
15760657313
18608263901
15162498943
13422092227
13190198812
18236877599
17737940094
18439780082
18131021588
18239756288
13379240778
17866854456
13734511324
13759433373
16637120117
19907209001
13609263498
13821215541
16637755311
13567481343
18337213147
13523898070
13255965208
17337903574
15886600573
13853284195
13228025827
17704553025
13065281900
13241883611
19041356622
13797248812
13627346385
13787574645
15327874275
13520048447
15110092019
13521106966
13277422481
16531703876
18890606656
18964318808
13259275658
19533879582
17333052471
15846336577
17343295813
18300946593
15717207668
13954921898
13031782209
13615325834
17030377569
13697356164
15387560720
18083912678
17392543132
13523495500
17035274923
13260221654
18210772644
13322994388
13955188321
19281124447
15942520855
13979885318
19556778000
19921187323
15185028547
13521699851
13934203437
17326090872
96110
15699701796
17000777700
18296301305
13801121607
19543696247
18386325463
15825444726
13258371506
13676306411
13911913089
18539476027
13263930151
13517427632
13627249606
17786446773
18641503615
13311136290
15001013798
17612977781
18049162613
17685231163
13911651407
15010769732
15802734189
18598933500
15971270779
15002733419
13618606273
17760779254
14778473159
13121007368
18662424161
13808085420
18487983398
13683348873
18827017874
19327590680
15332346352
13523436352
18053328292
19146842829
13124533182
19202502154
17745652141
13221815833
15012458654
17734825240
13779087180
15716947269
13641233665
13871451922
13163378626
17814849522
18488116304
13569563906
18871207447
15110079118
18511069225
18600030277
13391837959
18062424161
13521562499
13521562494
13554195421
15110261215
19330153564
13643513588
13216674688
13605831810
13203850806
17374347785
13999951763
13643513589
15273403918
13833969794
13874759339
15300939570
17774216246
15970679458
13467557537
17816092872
15910902647
13581570875
17737896832
15840073368
13302481600
15554328914
15098229615
13838406379
17638848367
19393170782
13786863067
18600842033
17525586552
17105026444
17501094106
15285156855
13911339750
13705847918
13717895885
15711395785
13065016981
18518198033
13671356194
18568664318
17611707093
13501082215
13651148687
15910202127
13661294561
17763959978
18476706820
19310570141
18130745091
15942913554
13343475757
17877167269
16212417666
13937977234
13708933060
13241719598
13999179802
13522966232
13323472886
19173900480
18599693315
19176998915
18259509131
13808490458
13223346558
16687203846
13389667912
13875658798
17774570841
15820517340
13651380891
13601232671
13651321565
19174900151
13974906248
18332918753
19083302411
13109797440
15792129636
15238170518
13951964804
13910993089
13901060418
18670398643
13651319162
18091967910
13608508080
13041476416
15342683974
15337496540
19066506245
15549475852
13168945631
15733496059
18254005066
17624720168
18060837309
15658906860
13586859986
18280067727
15292241415
18107417748
18897067483
16608650316
13910137897
16622809027
17889587119
18068940853
13352001208
13460369877
13545959374
17530111762
17637839557
15367695468
18892007625
13830644333
19176998716
18040852303
18627871651
13131821220
13972252320
13409728623
15711062496
15795859890
13031421580
13163368993
13501287184
13051772895
15609241185
16798996555
15209502382
13418898325
13877955310
15338517273
13641318667
19176998916
13297992183
19372419224
13871151343
13736332817
19955278136
13963488957
18571520331
15623123570
17771444163
13552135763
15011016100
18713665611
13520611977
15019351650
15723050138
18723524964
13971282514
18827074559
15107175163
13056106519
15121977438
17631709230
13051247712
17807114836
15071426279
17786752834
13476231375
13391603568
19971592008
18696396572
18371551837
15116969635
18501363187
18163315107
13075016981
15609341185
19120400084
13549721596
18287517425
17665126974
15055407181
18463963956
16799355566
13104012429
15858287487
13347695719
15069543270
19886820926
13442339618
18771050281
13661178466
16632851812
13560824577
13131521220
15172445190
16650503387
18749820928
18011958329
13042194017
17389790531
13355043873
17079767947
18307389635
13511867068
13575293578
13015601616
15652217107
18198037819
18411951887
19172828241
13117160426
13346343794
13027723291
19568768230
18229790279
17878699235
15237256037
13087669817
18201974864
13161677290
13479356938
18333902327
13199532491
18091931872
13608035043
15311076303
15765447835
13563109738
15529190414
15904256007
13694180000
19947416159
18595736624
16688143825
13580737480
13027230079
13351970090
15346245190
15931723225
13931068844
15686083278
15059852473
17347113337
15346275190
18240544511
15169742167
18799028950
13020251921
19335142773
18245711063
17651762093
18672720907
15571150297
15997191847
17771149195
19392067191
15880364255
18272061751
18671927285
16608631990
19944747093
17392460611
18052767802
18567369822
13730282473
19126986803
17671700886
15827624040
17263712757
15229586679
15191019145
17507360521
19535247201
18842620773
13840838424
18024760604
16631313380
13263629953
15827538269
15271699500
17157867566
17637893259
13894197226
13429791144
15033871034
15240231875
18627774539
17786221894
13643976542
18054205720
15913137494
13310577072
17320921432
13528713158
18161665943
19971980321
18307396436
19338398610
17714936625
15296957913
17395515980
13382256098
17785105906
18275532460
15586275111
19371094740
17310336635
19807274962
13988489796
15299566615
19037318868
17773747002
16650786860
18006407589
15910331484
13537333975
13971854582
17837610379
15876550171
15113184305
17335760246
18844928768
18751916911
13996351795
13448880163
13908825108
13987518066
16627883085
15889352816
13613434175
17820633530
16719313921
18009716269
18697303488
15216386180
13472799558
18755677213
13618941210
15307192989
13607156527
13212704975
15071336269
15130192136
13786480915
15985698691
19948830343
18611871310
13403789373
13671360872
13724595279
13793722549
13039257265
13409672858
13014290191
13209698576
13521424893
13368247526
13420716290
13865697231
18010236825
15267008041
15186828135
15085696005
13977851841
17097207347
19337831975
13923982839
15712101149
18974755819
18677098557
18999795124
13087378015
15211508434
19913097098
19025956950
15573802416
13353708409
19318124500
17797501753
15072612062
17707122057
1369346593
19188788817
18356739011
13707146246
15605952756
15908459856
15927464361
15307558682
15894424862
13721490885
18581760683
15342522297
18310376868
15869611071
17797507753
13548907996
15527175705
17804072588
17111060649
13489192817
18563966272
13585607869
15072994717
18627206799
13997572618
13568534357
13144654079
13937176793
18551363187
15345765731
18162466752
13193896096
16574217694
16574217594
13752971289
13379776857
13886024698
13732815825
13565733068
18657772454
19129359251
13945824126
13758859581
18539643740
16687086174
15795027986
18580835703
1382610897
15869365357
15531456210
15596281261
15210250537
18711048701
15805926812
19084204561
18071795667
15211256690
13233591224
17782706781
15573522391
18092042913
19301348194
18182091543
13364650301
13689535092
18527284776
13986278040
15739407477
18083940424
1804058582
13787346619
18636196867
15243932917
15793894254
17764425172
15944343811
13115528090
13428753832
17367585358
13888670985
18728592672
15170071979
13671159165
13526766587
18918806357
18389017517
13907159006
15874888486
13062215670
18321960280
15383189714
13973127561
18243596521
18355303733
15278238640
19331179732
15922982038
19172828247
15691839141
18192297760
13720384708
15172635693
15549586337
17391632890
15587473194
13828745532
18691839141
18064016113
13975795988
18487987135
1806938199
17712322065
13707485449
1386968739
15110672966
18611081877
15127125455
13164046354
19184015172
17715096109
13205195738
13651142335
15900890576
15611201882
15610233088
13617527810
18487987398
17688586115
18595576901
13313748098
18341693134
15191753035
13224488505
19707936929
17701516450
13086783436
13701032420
18850835937
19973309639
13667120764
13488689374
17760423997
18825001945
13501256574
15886804552
13392855778
19172406813
18163961705
15835377347
15842863497
18175705042
18523038842
13599141546
13352835827
15960347578
18377470889
13252024488
14747021583
19284875945
19373159121
15366451719
18224806115
18503751079
15052995612
19023268678
13872888100
18685632265
13731711897
17733614793
15303527141
13655653169
17874183974
18166397379
18162940544
13892728086
19337480537
18301499160
17834138972
13605057140
15682378535
13865533691
15568809995
18234329095
17770307394
18995623173
18795065350
18539250210
15038382662
15847780993
15708857903
15187947294
13843969008
15735349766
13461001957
137818862561
19188776102
13180608418
13049341432
15387512669
15307492489
17274122839
15651378781
17774723758
18907317331
15027150088
19208052236
19976385374
19976385274
18386427015
19358759337
18088801377
16543891107
13838248867
15120006005
13041194055
13810586259
13552356764
13816943064
13096265448
18209568993
17804393719
15303122707
18132095150
18552276744
13716640026
15973144643
19213977942
13794807028
18119178386
13555707947
15888193578
17262283857
13671085912
15986675012
13521324044
19896261326
19939217123
18970317331
15011154367
15011231153
18582688011
19880737159
13602323517
13097810296
18817578556
13643370216
17621162463
17719049852
19894937706
15773135705
18856966517
15214552878
13126642073
13095210856
19990757892
19142185314
18127927402
18082977762
13871541953
13599618982
13713816131
19329305308
15734345002
13116396698
13260485714
13737484874
19990754892
18972685250
15840583326
18175719600
19984436485
13738550413
17538550413
17866888945
15772458793
13338663619
15295902613
13295902613
13913600258
15526168103
13572023129
15895326684
17826110832
13041055773
15901199796
18734630376
18584169273
19552360428
15999457503
16543890984
17045701309
13832359647
13599140756
15937996299
13709250610
15914873320
13597777198
17513308958
13502733693
13602694205
19233525810
13081233226
13400012254
13557439880
18475219260
13882265318
18931607732
15587642365
17769567583
18112150901
13760370910
13936329426
13581319980
13668785141
15583479528
13120208267
18978059955
18978089918
18978068888
17609297197
19932155270
13973195299
19147646271
13139666036
13052177132
18366288287
15608826145
13503333454
18882865057
15844390110
17728272644
13422069263
15901458685
18488118106
18069468794
15292262386
15236917394
18228896635
18511178917
18779901120
13060993721
17128056442
14787786969
19562964679
13146679025
19179904013
18996663023
13979543871
13710410734
13636279122
19313129235
18601076435
13371339049
18327675740
18609439067
15997326366
17882930554
18186006714
18040669566
13772477640
15597631823
13681121027
15647035674
18192622566
18744991540
18488008874
13534270086
13611218879
19975778404
15285073832
13648754991
17685849683
18719792773
18776033268
15869020020
18581355059
15017425110
18909286127
18609286721
13574109846
15510640618
19721030302
18820902034
13001231623
18167706327
17110090034
17111031213
17111155825
17111142329
17112133023
17111304300
17110122546
17110236590
13223594501
17736079033
15693678487
13807406395
19145794971
17843605597
13552847853
13914612335
13637748422
13901339606
17674787459
16688217096
13714767031
18001166143
19892495756
18373626985
18093461276
18229865927
18844721919
13991637629
13501226670
13601053939
13401036772
15053449885
18223703990
18515096906
18573915271
18152182822
13161944648
15307396787
19896012271
18398606164
15292169976
13051924397
13520650332
18858284109
18996432221
13439996263
18873960500
15010456523
14785320606
15758198155
13241942971
15321032879
15910627598
13811659980
15879363289
19161125774
18938640062
18326414733
18796273405
13926806688
18373035961
19375623268
13520094487
13767977179
15809888769
15840637857
13683315496
13501219567
17600518199
13116925948
17017883667
13319215387
19918968310
19817855430
18703286039
18763683474
13261270273
18611632593
17799548218
13872350054
13530819083
13313502696
18601037158
15952012068
13520449119
18191371469
13520978716
18197308720
18693351811
13019165410
15078902989
15246122035
18981004343
17310080826
19960212040
13378377248
18065017469
13347303326
17796590905
15712918318
18443040224
15682509571
16511682674
18111619522
18873124047
13503474786
18563597935
19876534918
17810235066
13642372848
18270761560
19237491175
13429963758
17800173319
13621018554
19327746974
18573047448
18825092034
15501161985
13501234100
17621694438
17621694432
15673051295
15687393363
19572100257
18635527940
15989337192
18285433381
17740283551
13826113590
18984372713
15707305628
18328017089
13886297222
15152210224
17878331192
13231733917
19026829253
13986494320
15719273747
19124641241
18017908504
13457049919
13120460508
15008791886
18810603440
17757585948
13376825086
17710336282
18023526417
13416319570
19161127221
15826121491
15129066695
13203603408
13032993897
18201255993
18085667103
13981933390
19937529523
18920547585
13927495212
13622838067
15923445197
19014946445
19050420997
19117945597
17707061404
18874584412
18227516952
17750623596
13579966912
19054175489
19577552243
19118203959
18288143509
17728242644
15608204567
18278400447
14701340922
13148718690
17357299439
15982168975
18867004570
19136657657
15940634895
18972022732
18957304611
13202384170
19083149580
15656919845
15656213206
17713584569
19522710143
15393175956
17807655936
16745009754
17729791046
15794019474
16769262620
13020092651
17334322503
16635060073
15306763497
17785105835
13337581045
15242672488
18561295763
15542605125
17379114650
15591817057
18196946138
18599456802
13297416541
19392043598
18163656272
15686223497
13547275870
15082775621
13712453752
16608057523
18309602727
15521070841
17325031320
13235221045
13392617184
15680614608
18231688580
17357285648
13211337652
13178939907
16229708887
15652618736
16600202449
13337049282
17786509650
13238776537
13008663202
17335019668
13197615720
16675448956
18640061510
15645497773
15567751539
18943644249
17629011279
13289652696
19157142635
19118472391
18570258312
16683123728
17625829380
17696870890
19155808465
17352998224
15880433045
13124854760
13125202157
15679705785
17886151672
17337159743
19037613580
13272718701
13271950051
17772659831
15833093994
15361279532
17303815942
19313506467
13290505933
19050193291
17635558351
17702418104
18525098779
13664551914
13346932482
17323201707
19706953440
17558473593
17764006258
15683956
19956434916
15779353130
18186383976
17586596261
13012599004
17735367736
17678802516
17709858510
17149571603
13142033668
13744474037
18281379365
13187976354
13142034668
13374851489
18886455792
17643225833
15911188376
13561715439
15794603011
18122534508
18865020275
18057669074
17827327087
18556760303
15579914130
13964711817
18667165911
13274931090
13380063199
18057669047
13237384029
13071712102
18969021616
17017383668
18210786437
13785076862
13654400797
16607943968
13850909176
17379766264
13422200151
13654728402
15753268983
13578644979
13329773092
13902993201
13972946277
13611244978
18206780883
13368734586
17262634126
18671258576
19153942412
13876239483
15271819459
18059784359
13950858641
16583942966
13769405505
18733514717
17375965489
13901282263
13651337235

13661113001
18810019078
13463146442
18289977612
18814268849
13383734459
18508028273
13991218861
13022913680
19317346802
13563407996
13922117512
13909716740
13580503843
18248233189
15087161754
15275239428
15269200970
15388919469
19185675975
18815877408
17388565068
13302959156
18974514531
16543890785
00329126534
13978840275
13696436574
17331902870
18145616812
18092012903
19113278201
13578031420
18237186090
18371700935
00615742390
13972506037
15795625863
15799344890
17509739996
17649257039
18851155157
18366283287
17704759394
15731508945
13809286065
13312992855
15030308900
13388743141
17262946467
13590284013
19073620174
13709965083
13510129821
13895119738
15342730655
15237738784
15134070599
13912737809
13922793622
13352624447
18720087747
15977686455
18206907172
19192644710
15327680315
19986001502
13312520142
15195161735
18051510280
15962481797
18372623414
19866125524
18717311676
18716761731
16203044978
18038913370
13509951401
15671758576
15586939571
15072933803
18833069178
19327899670
15710433802
19961059305
13080911803
13786062242
14768925065
19395025052
13687659377
13624557422
14719841110
18936361343
15007126066
15361073400
13675836344
13500009809
13597920359
13595346593
16250249333
15174173683
15889647459
19843921187
15165943686
13650871155
17391173532
17623513394
13411378884
16687703556
13111868937
19566856532
18874583479
13986880162
15607323242
15838582326
13510038059
18898896783
13802272907
13823351075
15915860324
13099084676
18306969754
13573709539
18565073144
15004153913
8
18250005844
13718249856
15839174362
18064660696
15287676958
18378765067
13812478337
19890613417
13521967266
18590743951
19356273532
18271255322
18556812434
13902945564
17634048884
18956812434
13145774386
15754743108
13660370910
13972693318
13312946349
13893103115
18822135568
19186843061
13320284825
13910298094
18345920245
19239079645
15808212000
13525166262
15208950590
18690138768
13926134441
19395281085
18126451755
19872054397
18029012913
15927018735
17789125447
13167463372
15904111418
13681279720
13167466372
19273687842
18972733758
18559028281
13562437810
18128614263
18801132801
13777798606
13538706218
19392842529
17625927419
18209808823
15151551153
18183388608
19129987235
15199772184
19901553091
15873615434
13319069860
13316909860
18864440108
18625991803
19129329251
18183888068
13215573897
18797075709
18344835894
17395062288
13976826837
18663765360
18670307449
15948045282
13817309565
13501829805
13901786728
18921478750
13301786728
13774256333
13817191714
13001796819
17080800303
13807522222
13801804756
18019003263
18918211131
13816393170
13003213303
13601963193
13693593189
13910066616
13522237153
13918691869
13916651833
13754907576
18250178520
18908082899
13308322179
15319149293
17386771197
18157255154
15356617569
19202097050
13126689706
18185182658
13905074895
18583999746
13528190006
18391004678
15575905168
17726711373
17267237736
13052583763
18222572551
13937175648
13967143184
15273129256
18977414879
18616860809
15553802051
18811699182
18373917660
13315308391
13936198440
17392529869
15214954244
15623521263
15612345678
13874853319
13787073015
13786147646
13787778159
13908451889
13122708856
15285644308
13973196802
19936978425
15202888382
18539070583
176872491115
18011169222
15190269447
19983143398
18298929796
13972018281
19973963073
18708016281
18352527585
19944390112
19809613471
16680440715
18391818562
15306735750
18146760855
13759346264
15696598570
13667387996
15802792418
18573616607
16514166882
18145084508
14307420801
16740344960
15234565542
13593850549
18125534508
18072704362
16670257764
13192793333
13306262495
19713874825
13104917753
18395836722
15376903896
13927746415
15281904290
13023738444
17339801389
15287602652
18654308318
15645990810
17017383667
17623785652
19118398260
19118376937
19118275835
17872831053
17872831687
17267099790
17267397975
18373918630
18373918381
18373917193
18373917130
17794626155
13674026311
18086938199
15735379766
18747838129
18171875392
18747838121
19311870938
19311870538
18678878168
15973905336
18152886930
13391285548
15907395336
15273964463
17762618964
15971204776
18627847290
18511978270
18295753821
13974927467
13586712244
15892213883
19880906501
15679139075
18074061705
19176659084
18608221625
15791921819
13354503387
18669205820
13394393222
18092012913
17792910263
13609123670
15812926391
19934116241
19076085807
16670996093
13586715094
12345678912
17786697924
18827264025
17771092144
17786404549
15223101431
13228673290
19310171976
18389280478
15376626036
13170994580
18169629564
18602341179
19122230648
18930218795
15928957369
13807407369
19859935869
13789240797
13961123333
17789417762
18924193218
15667262085
13537832629
15312049129
17690003723
13881526612
18900938973
17687249115
13519715749
18814091480
15548763881
18673025357
13219889982
17632711485
18065879666
13836479878
18279763305
19055727317
13708908185
18139887577
18170996838
19275291030
15736491316
13832959371
15176573818
13667166143
19890613471
18346969990
13932031791
15820105765
18621326808
18796888127
13319808646
18350100000
18215301124
19951336187
19537777579
16643230506
15007611407
15727083632
19945791520
18389356914
13259235058
15204856556
17623711485
15287122560
18302009053
15972528136
18999779667
13028371160
18985970469
15129572997
13709296268
18008382749
15158417138
13704330274
13112249629
18798253740
18675848462
18187555886
15318530716
13008681082
13510077362
13773431592
18630372890
16658262266
18630371063
19313173415
18807858596
13961273743
18108083076
13109259156
15884420689
13172556165
17582318607
13593003248
17608401536
15391639326
17626455748
18696119386
18546565991
18671594855
15795494974
18332005555
18697586601
13718282276
18873569055
18390101089
15705654569
18119497798
18729996638
19118726270
13913224458
15173708630
15554949240
18939091888
15959006983
18860320999
15826099313
15558060057
17373776912
14707255829
13846696666
15909173511
13711051084
18751639143
18598925852
18333897913
13102200873
13270709826
13514996200
15310278078
16675670541
19182156291
17366701100
17033443127
17696780753
19160506637
18186360641
18974090632
13999116768
18954003477
15758073250
18645633617
13375947940
19573107654
19196221585
13697918795
16679051871
18485602103
13697918066
13664474037
15906656391
15958734474
18082804828
18236132181
19131482743
15735553663
15286468958
18580739924
15116563650
13644474037
13530667849
13644470504
19313943794
19370873731
15569920003
18224915488
17689615121
18390100169
18975048303
13871717576
13614411443
13573458298
17588897765
15998565758
13384791818
13509738076
18522050071
13809614647
18285819656
16650599392
13890269991
19309199399
13359517711
18141759744
19560373469
13809614648
19078387285
19160330340
13818662730
15870632964
18528079825
17780642853
17601506880
19274642713
15850978650
18943230202
13769299797
13305997022
13812700666
18609286127
13831410101
19106432973
18946598244
18668037012
1585700010
17680765830
15850677093
18350968212
17656300312
19908582799
19908588799
18383228822
17856673995
13769410462
15800597250
17748867708
15576371710
18821865765
18821867752
16638926177
18600921734
17707355929
15208819804
17627018660
19537766675
18129655562
13488006606
13738618176
13624688800
13840877123
18170621848
18787894550
17702701594
18913798183
18162340335
19272685464
19238599122
18240344403
13163311978
19995608810
13238610932
15394455795
15842876953
13751338015
18966511514
16543891089
16673681192
18216045615
18390101739
15202905619
13755101775
18918603061
18075724962
18506735701
18232386459
18860323889
18224914702
18561273270
13786579409
13471747020
15526717018
14708544296
17601409395
13634318847
18488338954
16768104489
13072976541
15635580697
19309199799
13072976543
15728997190
17899732625
18146088390
15874226530
18574802660
13805348258
19208911775
18213678174
13709572117
18582582505
18950295699
13883163678
18063306342
18973057825
13113760393
15925429280
19982460787
13095222174
15198558708
15079586973